waypoint_id: 1
description: first waypoint
timestamp: '20260314_173132'
pose:
  frame_id: odom
  x: -0.011673682940763012
  y: -0.018980988402185758
  yaw: 0.010423786356113851
  qx: 0.0
  qy: 0.0
  qz: 0.005211869582258495
  qw: 0.9999864181154949
scan:
  frame_id: base_scan
  angle_min: 0.0005668506491929293
  angle_max: 6.255297660827637
  angle_increment: 0.027841772884130478
  time_increment: 0.0004367602232377976
  scan_time: 0.09811937808990479
  range_min: 0.0
  range_max: 100.0
  num_ranges: 225
  ranges_file: waypoint_001_20260314_173132.npy
