waypoint_id: 3
description: first waypoint
timestamp: '20260317_202453'
pose:
  frame_id: odom
  x: 0.07922889027505921
  y: 0.004533474845758074
  yaw: 0.16155660152435303
  qx: 0.0
  qy: 0.0
  qz: 0.08069048121435728
  qw: 0.996739206734337
scan:
  frame_id: base_scan
  angle_min: 0.003267918713390827
  angle_max: 6.261037349700928
  angle_increment: 0.025231368839740753
  time_increment: 0.00043654811452142894
  scan_time: 0.10827067494392395
  range_min: 0.0
  range_max: 100.0
  num_ranges: 249
  ranges_file: waypoint_003_20260317_202453.npy
