waypoint_id: 2
description: first waypoint
timestamp: '20260317_202224'
pose:
  frame_id: odom
  x: 0.07922889027505921
  y: 0.004533474845758074
  yaw: 0.16155660152435303
  qx: 0.0
  qy: 0.0
  qz: 0.08069048121435728
  qw: 0.996739206734337
scan:
  frame_id: base_scan
  angle_min: 0.01619713008403778
  angle_max: 6.273359298706055
  angle_increment: 0.025322429835796356
  time_increment: 0.00043659048969857395
  scan_time: 0.1078813299536705
  range_min: 0.0
  range_max: 100.0
  num_ranges: 248
  ranges_file: waypoint_002_20260317_202224.npy
