waypoint_id: 5
description: first waypoint
timestamp: '20260317_203013'
pose:
  frame_id: odom
  x: 0.07922889027505921
  y: 0.004533474845758074
  yaw: 0.16155660152435303
  qx: 0.0
  qy: 0.0
  qz: 0.08069048121435728
  qw: 0.996739206734337
scan:
  frame_id: base_scan
  angle_min: 0.006950921844691038
  angle_max: 6.264310836791992
  angle_increment: 0.02529207617044449
  time_increment: 0.00043657669448293746
  scan_time: 0.10801079869270325
  range_min: 0.0
  range_max: 100.0
  num_ranges: 248
  ranges_file: waypoint_005_20260317_203013.npy
