waypoint_id: 1
description: first waypoint
timestamp: '20260316_204136'
pose:
  frame_id: odom
  x: -0.011673682940763012
  y: -0.018980988402185758
  yaw: 0.010423786356113851
  qx: 0.0
  qy: 0.0
  qz: 0.005211869582258495
  qw: 0.9999864181154949
scan:
  frame_id: base_scan
  angle_min: 0.018151409924030304
  angle_max: 6.272749900817871
  angle_increment: 0.028517138212919235
  time_increment: 0.00043676942004822195
  scan_time: 0.095795638859272
  range_min: 0.0
  range_max: 100.0
  num_ranges: 220
  ranges_file: waypoint_001_20260316_204136.npy
